1050 17
1 22 1 2 3 4 5 6 7 8 9 3 2 2 3 2 3 3 2 2 3 3 2 10 
1 12 1 5 3 4 2 6 7 8 9 3 3 10 
1 14 1 5 6 2 3 7 8 9 9 2 3 2 3 10 
1 13 1 5 6 3 4 2 7 8 9 2 3 10 11 
1 8 1 5 6 7 3 2 4 8 
1 10 1 5 6 2 3 4 8 7 9 10 
1 12 1 5 6 7 8 4 3 2 9 2 3 10 
1 13 1 5 6 3 4 2 12 9 3 2 3 9 13 
1 11 1 5 6 8 2 3 4 9 2 3 10 
1 11 1 5 6 3 2 4 7 8 9 3 10 
1 16 1 5 6 4 3 2 8 9 2 3 9 7 3 2 10 11 
1 15 1 5 6 2 3 4 7 8 9 2 2 2 3 10 11 
1 3 1 5 6 
1 12 1 5 6 3 4 2 9 7 8 3 2 10 
1 11 1 5 6 7 3 2 4 8 9 10 11 
1 3 1 5 6 
1 3 1 5 6 
1 5 1 5 6 3 2 
1 19 1 5 6 2 3 4 7 8 9 12 4 2 3 9 2 3 2 10 11 
1 10 1 5 6 7 8 3 4 2 9 13 
1 11 1 5 6 2 9 2 2 2 2 3 13 
1 21 1 5 6 7 2 4 3 8 12 4 3 2 4 4 3 2 9 2 3 10 11 
1 11 1 5 6 7 4 2 3 8 9 3 10 
1 13 1 5 2 3 4 6 2 3 4 9 3 10 11 
1 8 1 5 6 8 3 4 2 7 
1 10 1 5 6 2 4 3 12 9 9 10 
1 8 1 5 6 2 4 3 7 8 
1 13 1 5 6 7 8 4 3 2 9 3 2 10 11 
1 8 1 5 6 7 8 3 4 2 
1 12 1 5 6 3 2 4 8 9 7 2 3 14 
1 15 1 5 6 2 3 4 7 8 9 9 2 3 3 10 11 
1 8 1 5 3 4 2 6 7 8 
1 12 1 5 6 7 8 3 2 4 9 3 2 10 
1 11 1 5 2 3 4 6 9 9 2 3 10 
1 8 7 1 5 6 4 3 2 8 
1 14 1 6 8 5 2 4 3 9 9 3 4 2 10 11 
1 16 1 5 6 7 8 3 4 2 9 2 3 2 3 3 2 10 
1 5 1 5 6 2 3 
1 14 1 5 6 4 2 3 7 8 9 2 3 3 2 10 
1 24 1 5 6 8 7 2 3 4 9 9 2 3 3 2 2 2 2 2 3 4 2 3 2 14 
1 11 1 5 6 7 8 4 3 2 2 3 4 
1 6 1 5 6 2 3 4 
1 14 1 5 6 7 2 4 3 8 9 3 2 3 2 15 
1 3 1 5 6 
1 14 1 5 6 7 3 4 2 8 9 3 2 3 10 11 
1 10 1 5 6 3 2 9 3 2 3 10 
1 11 1 5 6 4 2 3 7 8 9 4 10 
1 13 1 5 6 3 4 2 7 8 9 3 2 9 10 
1 8 1 5 6 3 9 9 10 11 
1 3 1 5 6 
1 6 1 5 6 2 3 4 
1 8 1 5 6 3 4 2 7 8 
1 8 1 5 6 3 4 2 7 8 
1 6 1 5 6 3 4 2 
1 14 1 5 6 3 4 2 7 8 9 9 3 2 3 10 
1 12 1 5 6 3 4 2 7 8 9 2 3 10 
1 8 1 5 6 2 3 4 7 8 
1 8 1 5 6 7 8 3 2 4 
1 13 1 2 4 3 5 6 7 8 9 2 3 10 11 
1 15 1 5 6 3 4 2 7 8 9 3 2 9 2 3 10 
1 14 1 2 3 4 5 6 7 8 9 2 9 3 2 10 
1 8 1 5 6 3 4 2 7 8 
1 11 1 5 6 4 3 2 8 7 9 10 11 
1 19 1 5 4 3 2 6 7 8 9 9 3 2 2 3 3 2 2 3 13 
1 3 1 5 6 
1 21 1 5 6 2 4 3 7 8 9 3 2 4 9 3 2 3 3 2 3 2 10 
1 16 1 5 3 4 2 6 7 8 9 3 2 2 3 2 3 10 
1 16 1 5 6 7 3 4 2 8 9 2 3 2 3 2 10 11 
1 16 1 5 6 7 3 4 2 8 9 3 2 2 3 2 10 11 
1 7 1 5 6 2 3 9 10 
1 14 1 5 6 7 8 2 3 4 9 3 9 3 10 11 
1 9 1 5 6 2 4 3 9 10 11 
1 9 1 5 6 7 3 4 2 8 9 
1 13 1 5 6 2 3 4 8 9 9 3 2 10 11 
1 5 1 5 6 3 2 
1 11 1 5 6 2 4 3 7 8 9 4 13 
1 15 1 5 6 3 4 2 8 7 9 9 3 2 2 3 10 
1 16 1 5 6 2 4 3 8 9 7 2 3 2 3 2 10 11 
1 13 1 5 6 2 4 3 7 8 9 3 2 10 11 
1 5 1 5 6 2 3 
1 14 1 5 6 7 8 3 2 4 9 9 3 2 15 11 
1 12 1 5 6 4 2 3 7 8 9 3 10 11 
1 17 1 5 6 4 2 3 7 8 9 3 2 2 3 2 3 2 10 
1 7 1 5 6 2 3 9 10 
1 12 1 5 6 7 8 2 3 4 9 3 2 10 
1 5 1 5 6 2 3 
1 12 5 1 6 7 8 2 3 4 9 2 10 11 
1 15 1 5 6 7 8 2 3 4 9 3 2 3 2 10 11 
1 13 1 5 6 2 4 3 7 8 9 3 2 3 10 
1 21 1 5 6 3 4 2 8 9 9 3 3 2 3 3 2 3 2 3 2 10 11 
1 14 1 5 6 7 2 3 4 8 9 2 3 2 10 11 
1 7 1 5 6 2 3 8 7 
1 22 1 5 6 7 8 2 3 3 2 4 12 3 4 2 2 3 4 9 2 3 10 11 
1 5 1 5 6 2 3 
1 15 1 5 6 2 3 4 7 8 9 3 2 3 2 3 10 
1 13 1 5 6 3 2 7 8 9 9 3 3 10 11 
1 9 1 5 6 3 4 2 8 7 4 
1 24 1 7 5 6 8 3 4 2 12 3 4 2 3 2 4 4 3 2 2 3 4 9 10 11 
1 32 1 5 6 7 2 3 8 9 12 4 3 2 2 3 4 4 2 4 3 2 4 4 2 4 3 9 2 3 2 3 10 11 
1 13 1 5 6 4 2 3 8 7 9 3 2 3 10 
1 12 7 1 5 6 4 3 2 8 9 9 10 11 
1 8 1 5 6 7 8 4 2 3 
1 9 3 2 1 5 2 3 6 7 8 
1 10 1 4 3 2 5 6 4 4 7 8 
1 29 1 5 6 4 3 2 7 8 9 12 2 4 3 4 2 3 2 3 4 3 4 2 9 3 2 2 3 10 11 
1 12 1 5 7 6 3 4 2 8 9 2 3 10 
1 8 1 5 6 2 4 3 7 8 
1 8 1 5 6 2 3 4 9 13 
1 33 1 5 6 2 3 4 7 8 9 2 9 2 2 3 3 3 2 2 2 2 2 3 9 9 2 2 3 3 2 3 2 10 11 
1 11 1 5 6 3 2 4 7 8 3 2 4 
1 14 1 5 6 2 4 3 7 8 9 2 3 2 3 14 
1 32 1 5 2 3 4 6 7 8 12 12 2 3 4 2 3 4 2 2 3 4 4 3 4 2 4 2 3 2 4 3 9 10 
1 3 1 5 6 
1 14 1 4 2 3 5 6 7 8 9 9 2 3 10 11 
1 17 6 1 5 2 3 4 7 8 12 4 3 3 4 2 9 10 11 
1 14 1 5 6 7 3 4 2 8 9 2 3 2 3 10 
1 15 1 5 3 4 2 6 7 8 9 2 3 3 2 10 11 
1 16 1 5 6 3 2 4 8 9 9 7 3 2 2 3 2 10 
1 118 1 3 2 5 6 7 8 12 4 3 2 4 4 2 3 3 2 4 2 3 4 3 4 2 2 3 4 2 4 3 3 4 2 2 3 4 3 2 4 3 2 4 4 2 3 4 3 2 2 3 4 4 2 3 3 2 4 2 3 4 3 4 2 4 3 2 2 3 4 4 3 2 4 2 3 2 3 4 2 4 3 3 2 4 3 4 2 2 3 2 4 2 3 4 2 4 3 4 2 3 3 4 2 2 3 4 4 4 3 2 2 2 3 4 3 4 2 13 
1 9 1 2 4 3 5 6 7 8 2 
1 12 1 5 6 3 4 2 8 9 9 3 2 13 
1 7 1 5 6 2 3 7 8 
1 14 1 5 3 4 2 6 8 7 9 2 3 2 3 10 
1 16 1 5 6 2 3 8 9 4 9 9 7 2 3 3 2 13 
1 31 1 5 6 3 4 2 7 8 9 4 2 3 9 2 3 3 2 2 3 3 2 3 3 3 2 3 2 3 3 15 11 
1 11 1 2 4 3 5 6 8 9 9 7 10 
1 3 1 5 6 
1 10 1 7 5 6 8 3 4 2 9 10 
1 8 1 5 6 4 2 3 7 8 
1 7 1 5 6 3 2 9 10 
1 18 1 5 6 2 3 4 7 8 9 2 3 12 2 4 3 9 10 11 
1 15 1 5 6 2 3 4 8 7 9 2 9 3 2 10 11 
1 11 1 5 6 2 4 3 7 8 9 9 10 
1 5 1 5 6 3 2 
1 7 1 5 6 2 3 9 10 
1 17 1 5 2 4 3 6 9 3 2 3 2 3 2 3 2 10 11 
1 15 1 5 6 2 4 3 7 8 9 9 2 3 3 2 10 
1 17 1 5 6 3 4 2 7 8 9 2 3 9 2 3 3 3 10 
1 7 1 5 6 2 3 9 10 
1 16 1 5 6 2 3 4 8 7 9 9 2 3 3 2 10 11 
1 16 1 5 6 3 4 2 8 7 9 2 3 9 2 3 10 11 
1 12 1 5 6 3 2 4 8 7 9 2 3 13 
1 15 1 5 3 4 2 6 7 8 9 3 2 3 2 10 11 
1 5 1 5 6 3 2 
1 3 1 5 6 
1 8 1 5 6 7 8 3 2 4 
1 21 1 5 6 2 4 3 7 8 12 3 4 2 9 3 2 3 2 2 3 10 11 
1 8 1 5 6 7 3 2 4 8 
1 10 1 5 6 7 3 4 2 8 9 10 
1 5 1 5 3 2 6 
1 19 1 5 6 7 8 2 3 4 9 3 2 9 3 2 2 3 2 3 10 
1 19 1 5 6 4 3 2 7 8 12 2 3 4 4 3 2 3 4 2 10 
1 17 1 5 3 4 2 6 12 4 2 3 4 2 3 4 9 10 11 
1 8 1 5 6 7 8 2 4 3 
1 13 1 5 6 4 2 3 7 8 9 9 2 3 10 
1 16 1 5 6 2 4 3 7 8 9 2 2 3 2 2 3 13 
1 17 1 3 2 5 6 4 7 8 9 3 2 2 3 3 2 10 11 
1 13 1 5 6 7 2 3 4 8 9 2 3 10 11 
1 27 1 5 6 4 3 2 8 9 3 2 3 2 2 3 2 3 3 2 2 3 2 3 3 3 2 10 11 
1 5 1 5 3 2 6 
1 14 1 4 3 2 5 6 8 7 9 2 3 2 3 10 
1 8 1 5 6 3 2 4 7 8 
1 59 1 5 6 2 3 4 7 8 12 2 3 4 3 4 2 4 2 3 2 3 4 2 3 4 2 4 3 2 4 2 3 2 3 4 9 2 3 3 2 3 2 2 2 2 3 3 2 3 2 2 3 3 2 3 2 2 3 10 11 
1 13 1 5 6 7 2 3 4 8 9 9 2 3 10 
1 17 2 3 1 5 6 7 4 3 2 8 9 3 3 2 3 2 10 
1 8 1 5 6 7 2 3 4 8 
1 15 1 5 6 3 2 4 7 8 9 3 2 9 3 2 10 
1 5 1 5 6 2 3 
1 3 1 5 6 
1 28 1 5 6 2 3 7 8 9 9 3 2 2 3 3 2 3 2 3 2 3 2 3 3 2 3 3 2 10 
1 3 1 5 6 
1 15 1 5 6 3 4 2 7 8 9 2 3 9 3 2 10 
1 16 1 5 6 7 2 3 4 8 9 2 3 9 2 3 10 11 
1 9 1 5 6 2 4 3 7 8 9 
1 12 1 5 3 4 2 6 8 7 9 9 10 11 
1 16 1 5 6 3 2 9 2 3 2 2 3 3 2 10 3 2 
1 29 1 5 6 3 2 4 7 8 12 4 2 4 3 4 3 4 2 4 2 3 9 2 3 9 3 2 3 3 10 
1 13 1 5 6 2 3 4 7 8 9 9 2 3 10 
1 21 1 5 6 2 4 3 8 7 9 3 2 3 9 2 2 3 9 3 2 10 11 
1 12 1 5 6 7 2 3 4 8 9 9 3 10 
1 29 1 5 6 7 2 4 3 8 9 12 3 4 2 4 2 3 9 3 2 3 4 2 3 4 3 2 2 3 10 
1 14 1 5 6 7 8 2 3 4 4 9 9 3 2 10 
1 5 6 1 5 2 3 
1 10 1 5 6 3 2 9 2 2 9 10 
1 15 1 5 6 4 3 2 7 8 9 2 3 2 3 2 10 
1 12 1 5 6 3 4 2 7 8 9 3 2 10 
1 5 1 5 3 2 6 
1 11 1 5 6 7 8 2 4 3 9 3 10 
1 18 1 5 6 2 3 9 2 3 2 2 2 2 2 4 3 2 10 11 
1 15 1 5 6 3 2 4 8 9 9 2 3 2 3 10 11 
1 18 1 5 6 2 9 2 2 2 3 2 2 2 2 2 2 3 2 10 
1 13 1 5 6 7 8 2 4 3 9 2 2 3 10 
1 16 2 3 1 5 6 4 2 3 7 8 9 2 3 3 2 10 
1 41 1 5 6 3 2 4 7 8 9 9 12 3 2 4 4 4 2 3 3 4 2 3 2 4 4 3 2 3 2 4 2 4 3 3 2 4 4 2 3 16 11 
1 6 1 5 6 2 3 2 
1 6 1 5 6 3 2 4 
1 9 1 5 6 3 4 2 9 9 10 
1 13 1 7 6 8 5 4 3 2 9 2 3 10 11 
1 13 1 5 6 2 3 4 7 8 9 3 2 10 11 
1 33 1 5 6 4 2 3 9 2 3 2 3 2 3 3 2 2 3 3 2 3 4 3 2 3 3 3 3 2 3 2 3 10 11 
1 5 1 5 3 2 6 
1 11 1 5 6 3 4 2 8 9 2 3 10 
1 8 1 5 6 2 3 4 7 8 
1 16 1 5 6 4 2 3 9 3 2 3 2 3 2 3 10 11 
1 14 1 5 6 3 2 4 7 8 9 2 3 3 2 10 
1 8 1 5 6 4 2 3 7 8 
1 29 1 5 6 7 8 4 2 3 9 9 2 3 2 2 2 2 2 3 2 2 2 3 2 3 2 2 3 2 15 
1 10 1 5 6 3 4 2 8 9 7 13 
1 11 1 5 6 4 2 3 8 9 2 3 10 
1 20 1 5 6 2 4 3 8 7 9 2 3 9 3 2 9 2 3 2 3 10 
1 9 1 5 6 8 2 3 4 9 10 
1 15 1 5 6 7 2 3 8 9 2 2 3 3 2 10 11 
1 10 1 5 6 3 4 2 7 8 9 10 
1 13 1 5 6 4 3 2 8 9 3 3 2 10 11 
1 8 1 5 3 4 2 6 7 8 
1 12 1 5 6 2 4 3 7 8 9 3 2 10 
1 17 1 5 6 2 3 4 8 9 9 7 3 2 9 2 3 10 11 
1 12 1 6 5 7 8 3 2 4 9 9 10 11 
1 12 1 5 6 7 3 4 2 8 9 3 2 10 
1 17 1 5 6 3 2 9 2 3 3 2 3 2 2 3 3 2 10 
1 5 1 5 6 3 2 
1 13 1 5 6 3 4 2 7 8 9 2 3 10 11 
1 16 1 5 6 3 2 4 8 7 9 2 3 9 2 3 10 11 
1 8 1 3 4 2 7 5 6 8 
1 23 1 5 6 2 3 12 3 2 4 2 2 2 2 4 4 2 3 2 4 2 3 4 13 
1 5 1 5 6 2 2 
1 12 1 5 6 2 4 3 8 9 3 2 10 11 
1 13 1 5 3 4 2 7 6 8 9 3 4 3 10 
1 3 1 5 6 
1 5 1 5 6 2 3 
1 5 1 5 6 3 2 
1 22 1 5 6 3 2 4 8 7 9 3 2 3 2 3 2 3 2 9 2 3 2 10 
1 7 1 5 6 3 2 9 10 
1 13 1 5 6 2 3 4 7 8 9 3 9 3 10 
1 15 1 5 6 4 3 2 7 8 9 3 2 2 3 10 11 
1 10 1 5 3 2 6 8 9 4 9 13 
1 13 1 5 6 7 8 4 2 3 9 2 3 9 10 
1 12 1 5 6 4 3 2 7 8 9 2 3 10 
1 14 1 5 6 4 3 2 8 9 9 3 2 3 15 11 
1 8 1 5 6 3 4 2 7 8 
1 12 2 1 5 6 3 4 2 8 9 9 2 10 
1 9 1 5 6 4 3 2 9 10 11 
1 13 1 5 2 4 3 6 7 8 9 3 2 10 11 
1 8 1 5 6 7 8 2 4 3 
1 16 1 5 4 2 3 6 7 8 9 3 2 9 2 3 10 11 
1 14 1 5 6 4 2 3 7 8 9 9 2 3 10 11 
1 8 1 5 6 7 2 4 3 8 
1 15 1 5 3 4 2 6 7 8 9 3 2 2 3 10 11 
1 6 1 5 6 4 3 2 
1 11 1 5 6 3 2 4 9 7 8 3 10 
1 9 1 5 6 4 2 3 9 9 10 
1 16 1 5 6 7 3 4 2 8 9 2 3 9 3 2 10 11 
1 18 1 5 6 4 2 3 7 8 9 3 2 9 3 2 2 3 3 10 
1 21 1 5 6 3 2 4 9 9 3 2 2 3 2 3 2 3 3 2 2 3 14 
1 14 1 5 6 4 3 2 8 9 7 3 2 3 2 10 
1 18 1 5 6 7 8 4 3 2 9 9 2 3 3 3 2 3 10 11 
1 9 1 5 6 3 2 9 3 10 11 
1 39 1 5 3 2 4 6 7 8 9 12 3 4 2 4 2 3 4 12 4 3 2 4 2 3 2 3 4 9 3 2 3 2 3 2 9 3 2 10 11 
1 14 1 5 6 4 2 3 7 8 9 3 2 2 3 10 
1 18 1 5 6 7 8 3 2 4 9 2 2 2 3 9 2 3 3 10 
1 25 1 5 6 2 3 4 7 8 9 2 3 3 2 2 3 2 9 3 2 2 2 3 3 2 10 
1 21 1 5 6 2 3 4 7 8 12 4 2 3 4 3 4 2 9 3 2 3 10 
1 25 2 3 1 5 6 4 2 3 7 8 9 2 3 4 2 3 9 9 3 2 3 2 3 9 13 
1 23 1 5 3 2 4 6 7 8 12 4 3 2 2 3 4 3 4 2 9 2 3 10 11 
1 11 1 5 2 3 4 6 8 9 3 2 10 
1 13 1 5 4 3 2 6 7 8 9 3 2 10 11 
1 21 1 5 6 7 8 3 4 2 12 2 3 4 4 3 2 4 2 3 9 10 11 
1 15 1 5 6 2 3 4 7 8 9 3 2 3 2 3 10 
1 16 1 5 6 2 3 4 7 8 9 9 9 3 2 3 2 10 
1 12 1 5 6 2 3 4 7 8 9 2 3 10 
1 10 1 5 6 2 3 4 8 9 4 10 
1 31 1 5 6 4 3 2 7 8 9 2 3 3 2 9 3 2 3 9 9 3 3 2 3 2 3 3 2 3 3 9 15 
1 13 1 5 2 3 6 7 8 9 9 3 2 3 10 
1 14 1 5 3 4 2 6 7 8 9 9 2 3 10 11 
1 23 1 2 3 4 5 6 8 12 4 2 3 4 2 3 3 2 4 9 2 3 2 3 10 
1 19 1 5 6 2 3 4 7 8 9 4 3 3 4 2 2 3 2 3 13 
1 14 1 5 6 2 3 4 8 7 9 2 3 2 3 10 
1 7 1 5 6 4 3 2 8 
1 16 1 5 4 3 2 7 6 9 8 3 3 2 3 2 10 11 
1 15 7 1 5 6 8 2 4 3 9 2 3 2 3 10 11 
1 16 1 5 6 2 4 3 7 8 9 2 2 3 3 3 10 11 
1 13 1 5 6 4 3 2 7 8 9 9 3 2 10 
1 13 1 5 6 4 2 3 7 8 9 2 2 10 11 
1 12 1 5 6 3 2 9 2 3 9 2 3 10 
1 16 1 5 6 7 8 4 2 3 9 2 3 9 3 2 3 10 
1 11 1 5 6 7 2 3 4 8 9 3 2 
1 13 1 5 6 7 8 3 2 4 9 3 2 10 11 
1 5 1 5 6 3 2 
1 13 1 4 2 3 5 6 8 7 9 3 2 10 11 
1 20 1 5 6 7 2 3 4 8 12 2 3 4 3 4 2 2 4 3 9 13 
1 17 1 5 6 7 8 2 3 4 9 3 3 2 2 3 3 2 10 
1 88 2 3 1 5 6 7 4 2 3 8 9 2 3 9 3 2 2 2 3 2 2 2 2 2 3 2 2 2 2 2 2 3 3 2 2 3 2 3 3 2 2 3 2 2 3 2 3 2 3 2 2 2 3 3 2 3 2 2 3 2 12 2 3 4 3 4 2 4 2 3 2 3 4 9 2 2 2 2 3 2 2 3 2 2 3 3 2 15 
1 10 1 5 6 3 4 2 7 8 9 14 
1 6 1 5 6 2 3 4 
1 31 1 5 6 2 3 4 8 7 12 3 4 2 4 4 4 3 4 2 4 4 4 4 4 2 3 9 3 2 2 3 10 
1 14 1 5 4 2 3 6 7 8 9 3 2 3 2 10 
1 12 1 5 6 3 4 2 7 8 9 3 2 10 
1 27 1 5 6 2 3 4 7 8 12 4 2 3 2 3 4 9 2 3 3 2 2 2 3 2 3 10 11 
1 18 1 5 6 3 4 2 7 8 9 2 3 3 2 2 3 3 3 10 
1 19 1 5 6 4 3 2 8 7 9 2 3 2 2 3 3 2 2 10 11 
1 23 1 5 6 4 2 3 7 8 9 3 2 2 3 2 3 2 2 3 2 2 3 10 11 
1 16 2 3 1 5 6 8 9 2 3 2 3 3 3 2 3 10 
1 15 1 5 6 7 8 4 2 3 9 3 2 2 3 2 10 
1 32 1 5 4 3 2 6 7 8 9 3 2 2 3 9 2 3 2 2 3 2 3 2 3 2 3 3 2 3 2 3 14 11 
1 5 1 5 6 3 2 
1 18 1 5 6 2 3 4 9 2 3 9 3 2 2 3 2 3 10 11 
1 20 1 5 4 3 2 6 7 8 9 2 3 3 2 9 2 3 9 2 3 10 
1 8 2 3 1 5 6 8 9 10 
1 6 1 5 6 2 4 3 
1 17 1 5 6 4 3 2 7 8 9 3 2 2 3 3 2 10 11 
1 11 1 5 6 7 2 3 8 9 3 2 10 
1 19 1 5 4 2 3 6 7 2 8 9 9 2 3 3 2 2 3 10 11 
1 11 1 5 6 2 3 8 9 9 9 3 10 
1 4 1 5 6 2 
1 11 1 5 6 2 3 4 8 7 9 2 10 
1 14 1 5 6 7 2 4 3 8 9 9 2 2 3 10 
1 9 1 5 6 2 4 3 9 7 8 
1 15 1 5 6 4 2 3 8 9 9 3 2 3 2 10 11 
1 15 1 5 6 3 4 2 7 8 9 2 3 2 3 10 11 
1 13 1 5 6 8 2 3 4 7 9 3 2 3 10 
1 10 1 5 6 4 3 2 7 8 9 10 
1 5 1 5 2 3 6 
1 22 1 5 6 4 2 3 8 7 9 2 2 3 2 2 3 2 3 3 2 2 3 10 
1 29 1 5 6 2 4 3 7 8 9 3 2 2 3 12 2 3 4 4 3 2 4 2 3 9 2 2 3 10 11 
1 6 1 5 6 3 2 4 
1 12 1 5 6 3 2 9 2 3 3 2 10 11 
1 6 1 4 2 3 5 6 
1 6 1 5 6 3 4 2 
1 7 1 5 6 2 3 9 10 
1 16 1 5 2 3 4 6 8 7 9 9 3 2 2 3 10 11 
1 17 1 5 6 7 8 3 2 4 9 2 3 9 2 3 2 3 10 
1 7 1 2 4 3 5 6 8 
1 14 1 5 6 2 3 4 7 8 9 2 3 3 2 10 
1 9 3 2 1 5 6 9 3 3 10 
1 14 1 5 6 3 4 2 7 8 9 2 2 3 10 11 
1 18 1 5 4 3 2 6 7 8 9 2 3 4 3 2 2 3 10 11 
1 13 1 5 6 7 8 2 4 3 9 2 3 10 11 
1 5 1 5 6 2 3 
1 9 1 5 2 3 6 7 8 13 9 
1 15 1 5 6 4 2 3 8 9 3 2 9 2 3 3 10 
1 8 1 5 3 4 2 6 7 8 
1 29 1 5 6 4 2 3 7 8 12 2 4 3 2 3 4 4 4 3 2 9 2 3 2 3 3 2 3 10 11 
1 16 1 6 5 8 2 3 7 9 3 2 3 2 3 3 2 10 
1 13 1 5 6 8 2 4 3 7 9 2 3 9 14 
1 15 2 3 1 5 6 9 3 2 9 3 2 3 2 3 14 
1 37 1 6 5 3 2 4 4 7 8 12 4 2 3 4 3 4 2 9 2 3 2 2 3 2 3 2 3 2 3 2 3 2 2 3 2 3 10 
1 13 1 5 6 4 3 2 9 9 2 3 3 2 16 
1 170 1 5 6 7 4 3 2 8 9 2 3 12 3 2 4 2 2 4 2 3 4 3 2 4 3 4 2 3 4 2 4 2 3 3 2 4 3 2 4 4 2 3 4 3 2 2 3 4 3 2 4 3 2 4 4 2 3 4 3 2 4 2 3 2 3 2 4 2 4 3 4 2 3 3 4 2 3 2 4 3 4 2 12 3 4 2 2 2 3 4 4 3 4 2 3 2 4 3 4 2 3 4 2 4 3 2 4 2 3 3 2 4 2 3 4 3 2 4 4 2 3 4 2 3 4 2 3 4 3 2 4 3 2 2 3 4 4 2 3 3 4 2 2 3 4 4 3 2 3 4 2 3 4 2 2 4 3 2 4 3 3 4 2 2 9 2 3 2 10 11 
1 35 1 5 6 7 4 2 3 8 12 3 2 4 2 4 3 3 2 4 4 3 2 9 2 3 3 2 3 2 3 2 2 3 3 2 10 
1 20 1 5 6 3 2 9 3 2 3 2 2 2 2 2 2 2 2 2 3 10 
1 15 1 5 6 4 2 3 7 8 9 9 3 3 3 10 11 
1 19 1 5 6 3 2 4 7 8 9 2 4 3 9 3 2 2 3 10 11 
1 8 1 5 4 3 2 6 7 8 
1 12 1 5 6 4 3 2 7 8 9 2 3 10 
1 7 1 5 3 2 6 9 10 
1 40 1 5 6 2 4 3 8 7 12 3 4 2 4 2 4 3 2 4 4 2 3 4 9 2 3 3 3 3 2 3 2 3 2 3 2 3 2 9 10 11 
1 7 1 5 6 2 3 8 7 
1 9 1 5 7 2 3 2 4 6 8 
1 15 1 5 6 2 3 7 8 9 3 2 3 2 3 2 10 
1 16 1 5 6 7 3 4 2 8 9 2 3 2 3 2 10 11 
1 18 1 5 6 3 4 2 7 8 9 9 3 2 3 2 3 2 10 11 
1 13 1 7 5 6 4 2 3 8 9 2 3 10 11 
1 28 1 5 6 4 3 2 7 8 9 3 2 3 9 3 2 3 3 2 2 2 3 3 2 3 3 2 2 10 
1 8 1 5 6 3 2 4 8 7 
1 26 1 5 6 3 4 2 7 8 9 2 3 3 2 3 2 2 3 3 2 2 3 3 2 3 3 10 
1 11 1 5 6 2 3 4 8 7 9 9 13 
1 5 1 5 6 3 2 
1 8 1 5 6 3 4 2 7 8 
1 23 1 7 5 6 3 4 2 8 9 2 9 4 3 2 4 2 3 2 3 4 3 2 13 
1 41 1 5 6 4 2 3 7 8 9 2 3 9 2 3 4 3 2 9 2 12 3 4 2 2 2 3 4 2 9 2 3 2 2 2 2 3 2 3 2 15 11 
1 18 1 5 6 7 2 3 4 8 9 9 3 2 2 3 3 2 10 11 
1 11 1 5 6 4 3 2 7 8 9 2 3 
1 12 1 5 3 4 2 6 7 8 9 3 2 10 
1 14 1 7 5 6 3 4 2 8 9 9 2 3 9 10 
1 15 1 5 6 7 8 2 3 4 9 3 2 2 3 10 11 
1 33 3 2 1 5 6 9 3 2 12 2 3 4 2 2 12 2 3 4 2 2 2 4 3 2 4 2 3 3 4 2 9 10 11 
1 13 1 5 6 8 3 2 9 2 3 7 3 2 10 
1 15 1 5 4 2 3 6 7 8 9 2 3 9 3 2 10 
1 6 2 1 5 6 2 3 
1 16 1 5 6 7 8 2 3 4 9 3 2 9 2 3 2 10 
1 20 1 5 2 4 3 6 7 8 9 3 2 2 3 2 3 3 2 3 2 13 
1 8 1 5 6 2 3 4 7 8 
1 27 1 5 6 4 2 3 9 9 8 7 3 2 3 2 3 3 2 9 12 4 2 3 3 2 4 9 10 
1 5 1 5 6 2 3 
1 28 1 5 6 4 2 3 8 7 9 12 4 3 2 3 2 4 3 2 4 9 3 2 3 2 3 2 10 11 
1 23 1 5 6 2 4 3 7 8 9 2 3 3 2 2 2 3 2 3 2 2 3 15 11 
1 16 1 2 3 4 5 6 7 8 9 9 3 2 3 2 10 11 
1 7 3 2 1 2 3 5 6 
1 5 1 5 6 2 3 
1 7 1 5 6 2 9 10 11 
1 6 1 5 6 4 2 3 
1 8 1 3 2 5 6 8 9 10 
1 16 1 5 7 2 3 4 6 8 9 2 3 9 3 2 10 11 
1 15 1 5 6 4 2 3 7 8 9 2 3 2 3 10 11 
1 28 1 2 3 4 5 6 8 7 9 12 4 3 2 4 3 2 2 3 4 3 2 4 3 4 2 9 3 10 
1 20 1 5 6 2 3 4 7 8 9 12 3 4 2 3 4 2 9 3 2 10 
1 25 1 5 6 2 3 4 7 8 9 3 2 4 3 2 3 2 2 3 2 3 2 3 2 3 10 
1 17 1 5 6 7 4 2 3 8 9 9 3 2 3 2 3 10 11 
1 12 1 5 6 7 2 3 4 8 9 9 10 11 
1 16 1 5 6 7 2 3 8 9 3 2 3 2 2 3 10 11 
1 8 1 5 6 2 3 4 7 8 
1 10 1 5 2 3 4 7 9 6 8 10 
1 13 1 5 6 7 4 3 2 8 9 9 2 3 10 
1 11 1 5 6 2 3 4 8 9 2 3 10 
1 13 1 5 6 2 4 3 8 9 2 3 3 2 10 
1 13 1 5 6 7 2 4 3 8 9 2 3 10 11 
1 17 1 6 5 3 2 7 8 4 12 2 3 2 4 2 3 4 2 
1 16 1 5 2 3 4 6 7 8 9 2 3 3 3 2 10 11 
1 34 1 5 6 4 2 3 7 8 12 4 4 2 4 3 4 2 4 4 2 3 4 4 3 4 2 2 3 4 2 3 4 9 10 11 
1 7 1 5 6 4 2 3 9 
1 22 1 5 6 7 3 2 4 8 9 3 2 2 2 3 4 4 2 3 3 2 10 11 
1 18 7 1 5 6 2 3 4 8 9 2 3 4 3 2 3 2 10 11 
1 9 1 5 6 8 4 2 3 9 13 
1 27 1 5 6 2 3 4 7 8 9 9 3 2 4 2 2 3 3 2 2 3 2 3 3 2 2 3 10 
1 12 1 5 6 7 8 3 4 2 9 3 2 10 
1 11 1 5 6 7 3 2 4 8 9 3 2 
1 22 1 5 6 9 12 2 3 4 2 4 3 2 3 4 9 3 2 2 3 3 2 10 
1 15 1 5 6 7 8 2 4 3 9 9 2 3 3 2 14 
1 14 1 5 2 3 6 7 4 8 9 3 2 3 2 10 
1 8 1 5 6 7 3 4 2 8 
1 6 1 5 6 3 2 8 
1 10 1 5 3 2 4 9 6 7 8 10 
1 11 1 5 6 4 2 3 9 9 3 2 10 
1 16 1 5 6 3 2 7 8 9 2 3 9 3 2 3 10 11 
1 5 1 5 6 2 3 
1 10 1 7 5 4 2 3 6 8 9 10 
1 19 1 6 5 7 4 3 2 8 9 3 4 2 3 2 3 2 2 3 13 
1 22 1 5 6 7 3 2 4 8 9 4 3 2 3 2 4 3 2 4 2 3 10 11 
1 16 1 5 6 2 4 3 7 8 9 2 3 3 2 3 10 11 
1 8 1 5 6 3 4 2 7 8 
1 5 1 5 6 2 3 
1 17 1 5 6 4 2 3 7 8 9 3 2 9 2 3 3 2 10 
1 14 1 5 2 3 6 9 2 3 2 2 3 3 2 10 
1 3 1 5 6 
1 15 1 5 6 2 3 4 7 8 9 2 3 9 2 3 10 
1 11 1 5 6 4 3 2 7 8 9 9 10 
1 15 1 5 4 3 2 6 7 8 9 9 3 2 2 3 13 
1 16 1 5 6 2 3 4 7 8 12 2 3 4 9 2 3 10 
1 13 1 5 6 4 2 3 7 8 9 2 9 2 10 
1 30 1 5 6 3 2 4 7 8 9 3 2 2 3 9 9 2 3 2 3 2 2 3 3 2 2 3 2 2 3 13 
1 12 1 7 6 8 5 4 2 3 9 2 3 10 
1 14 1 5 6 2 3 4 7 8 9 3 2 3 2 10 
1 12 1 5 6 3 2 4 7 8 9 3 2 10 
1 13 1 6 8 5 3 2 4 7 9 3 2 9 10 
1 8 1 5 6 3 4 2 7 8 
1 30 1 5 6 2 3 4 7 8 9 9 3 2 2 3 2 2 3 3 2 3 2 2 2 3 2 3 3 2 10 11 
1 8 1 5 3 2 4 6 9 13 
1 10 1 5 6 2 4 3 8 9 3 10 
1 13 1 5 6 2 3 4 7 8 9 9 2 3 10 
1 13 1 5 6 2 3 4 7 8 9 2 3 10 11 
1 18 1 5 3 2 4 6 7 8 9 2 2 2 3 3 2 2 3 13 
1 11 1 5 3 2 6 9 3 2 3 10 11 
1 21 1 5 6 4 2 3 7 8 9 4 3 2 9 3 4 2 2 3 3 10 11 
1 16 1 5 6 4 3 2 8 9 3 2 9 3 3 2 10 11 
1 5 1 5 6 3 2 
1 12 1 5 6 8 2 4 3 9 3 3 2 10 
1 5 1 5 6 9 10 
1 10 1 5 6 4 2 3 8 9 3 10 
1 8 1 5 6 7 8 3 4 2 
1 12 1 5 6 2 3 12 2 2 2 3 3 13 
1 15 1 5 6 7 4 2 3 8 9 2 3 2 3 10 11 
1 12 1 5 6 4 2 3 9 9 3 2 10 11 
1 12 1 5 6 3 2 4 7 8 9 3 2 15 
1 13 1 5 6 4 2 3 7 8 9 2 3 10 11 
1 14 1 5 6 2 3 4 7 8 9 9 2 3 10 11 
1 12 1 5 6 2 4 3 7 8 9 3 2 10 
1 21 1 5 6 2 4 3 7 8 9 2 3 3 3 2 2 3 10 11 3 4 2 
1 23 1 5 6 2 4 3 7 8 9 3 2 3 2 3 2 2 3 2 3 2 3 10 11 
1 11 1 5 6 7 8 3 2 4 9 10 11 
1 17 1 5 6 4 3 2 7 8 9 2 3 3 2 2 3 10 11 
1 15 1 5 6 2 3 4 7 8 9 2 3 9 2 3 10 
1 8 1 5 6 2 4 3 7 8 
1 9 1 5 6 3 4 2 7 8 9 
1 5 1 5 6 2 3 
1 10 1 5 6 4 3 2 8 7 9 10 
1 9 1 5 6 3 2 4 7 8 5 
1 16 1 5 6 4 2 3 7 8 9 3 3 2 3 2 10 11 
1 9 1 5 6 2 4 3 7 8 9 
1 12 1 5 6 2 3 4 8 7 9 3 2 10 
1 12 1 5 6 2 4 3 8 7 9 9 9 10 
1 19 1 5 6 7 8 2 3 4 9 3 2 3 2 9 3 2 3 2 13 
1 22 1 5 6 3 2 4 7 8 12 3 4 2 4 4 3 2 9 3 2 3 10 11 
1 14 1 5 2 3 9 6 9 2 3 2 3 2 3 14 
1 5 1 5 6 3 2 
1 11 7 1 5 6 2 3 4 8 9 10 11 
1 13 1 5 6 7 3 4 2 8 9 3 2 3 10 
1 8 1 5 6 2 3 4 9 13 
1 15 1 5 6 2 3 4 7 8 9 3 2 9 2 3 14 
1 16 5 1 6 7 8 2 3 4 9 9 3 2 3 2 14 11 
1 18 3 4 2 1 5 6 7 8 9 2 3 3 2 3 2 2 3 14 
1 6 1 3 2 5 6 8 
1 17 1 5 6 7 8 4 2 3 9 4 2 3 3 2 2 3 10 
1 13 1 5 6 2 3 4 7 8 9 2 3 3 10 
1 22 1 5 6 3 4 2 7 8 2 3 4 12 2 4 2 4 2 3 4 3 2 13 
1 13 1 5 6 7 3 4 2 8 9 3 3 3 14 
1 7 1 5 6 2 4 3 8 
1 15 7 1 5 6 8 3 2 4 9 9 2 3 2 3 10 
1 48 1 5 6 3 4 2 7 8 9 9 9 2 2 3 2 3 12 2 3 4 2 2 2 2 2 2 2 3 4 2 2 2 2 2 2 2 2 4 3 4 2 3 9 2 2 2 10 11 
1 6 1 5 6 2 3 4 
1 16 1 5 6 2 3 9 3 2 9 3 2 2 3 3 2 13 
1 45 1 5 6 4 3 2 7 8 3 4 2 12 4 2 3 2 3 4 2 3 4 4 2 3 3 4 2 2 3 4 2 3 4 9 2 2 3 2 2 3 2 2 3 15 11 
1 23 1 5 6 3 2 4 7 8 9 3 3 2 3 2 2 3 2 3 3 2 3 2 10 
1 39 1 5 2 3 6 7 8 9 2 3 2 3 3 2 3 3 2 3 2 3 2 3 2 2 3 3 2 2 3 3 3 3 2 3 2 3 3 2 10 
1 22 1 5 6 7 4 2 3 8 9 9 4 2 3 2 3 2 3 3 2 3 10 11 
1 15 1 5 6 3 4 2 7 8 9 2 3 2 2 10 11 
1 15 7 1 5 6 8 4 2 3 9 9 3 2 2 10 11 
1 6 1 5 6 2 3 4 
1 12 1 5 6 4 2 3 7 8 9 3 10 11 
1 10 1 5 6 2 3 4 7 8 9 10 
1 12 1 5 6 2 4 3 7 8 9 3 2 10 
1 10 1 5 6 2 3 4 7 8 9 10 
1 13 1 5 6 3 2 4 7 8 9 2 3 10 11 
1 20 1 5 6 2 4 3 7 8 9 3 2 2 3 2 3 3 2 3 2 14 
1 15 1 5 6 2 4 3 7 8 9 2 3 9 3 2 10 
1 16 1 5 6 7 8 2 3 4 9 9 3 2 3 2 2 10 
1 6 1 5 6 2 3 4 
1 21 1 5 6 7 4 2 3 8 9 2 3 2 3 3 2 2 3 2 3 14 11 
1 23 1 5 6 3 2 4 7 8 12 4 4 3 2 9 2 3 2 3 2 3 2 10 11 
1 14 1 5 6 2 3 4 7 4 2 3 8 9 10 11 
1 8 1 5 6 3 4 2 7 8 
1 13 1 5 6 7 2 3 4 8 9 2 3 10 11 
1 12 1 5 6 4 3 2 8 9 7 3 2 10 
1 9 1 5 6 2 3 4 9 9 10 
1 10 1 5 6 4 3 2 7 8 9 10 
1 37 1 5 6 4 2 3 8 12 4 2 3 2 3 4 2 3 4 3 2 4 3 2 4 4 2 3 2 3 4 9 3 2 3 2 2 9 10 
1 22 1 5 6 4 3 2 9 2 3 9 2 3 2 3 2 3 2 3 2 3 10 11 
1 14 1 5 6 2 3 4 7 8 9 2 3 3 2 10 
1 16 1 5 6 4 3 2 7 8 9 9 3 2 3 2 10 11 
1 14 1 5 6 3 2 4 8 9 9 2 3 2 3 10 
1 13 1 5 6 7 4 2 3 8 9 9 2 3 10 
1 29 1 2 3 4 5 6 8 9 9 2 3 9 12 4 3 2 4 3 2 2 4 3 9 2 3 3 2 3 10 
1 12 1 5 7 2 3 4 6 8 9 3 10 11 
1 17 1 5 6 7 8 2 4 3 9 9 2 3 3 2 3 2 10 
1 16 1 5 6 4 2 3 7 8 9 9 2 3 2 3 10 11 
1 13 1 5 3 4 2 6 7 8 9 3 2 9 10 
1 11 1 5 6 2 3 4 7 8 9 2 3 
1 11 1 5 6 7 2 4 3 8 9 10 11 
1 17 1 5 6 7 4 3 2 8 9 3 4 2 9 2 3 10 11 
1 5 1 5 6 2 3 
1 12 1 2 3 4 5 6 8 7 9 2 3 10 
1 16 1 5 6 2 3 4 7 8 9 2 3 9 2 3 9 10 
1 18 1 5 3 4 2 6 7 8 9 2 3 2 2 3 2 9 10 11 
1 18 1 5 3 2 4 6 7 8 9 2 3 2 3 2 3 2 10 11 
1 17 1 5 4 3 2 7 6 8 9 9 3 2 3 2 3 10 11 
1 13 1 5 6 3 2 4 7 8 9 2 3 2 15 
1 12 1 5 6 7 8 4 2 3 9 2 3 10 
1 14 1 5 6 7 8 2 4 3 9 3 2 3 2 10 
1 11 1 5 6 3 2 4 9 3 2 10 11 
1 9 1 5 6 7 2 4 3 8 9 
1 14 1 5 6 4 2 3 8 7 9 3 2 2 10 11 
1 12 1 5 6 3 4 2 9 2 3 2 3 10 
1 15 1 5 6 2 3 7 8 9 2 2 2 2 2 10 11 
1 3 1 5 6 
1 15 1 5 6 8 7 4 3 2 9 9 2 3 2 3 10 
1 16 1 2 4 3 5 6 7 8 9 9 3 3 2 3 2 10 
1 8 1 5 6 3 4 2 7 8 
1 13 1 5 6 2 3 4 8 9 2 3 7 10 11 
1 14 1 5 6 7 8 3 4 2 9 2 3 3 2 10 
1 20 1 5 6 7 4 3 2 8 9 3 2 9 3 2 3 2 3 2 3 10 
1 14 1 2 4 3 5 6 7 8 9 9 3 2 10 11 
1 38 1 5 2 3 4 6 7 8 9 9 2 3 2 2 3 2 3 2 3 3 2 3 2 3 3 2 3 3 3 2 3 3 2 2 2 2 3 13 
1 19 1 5 6 7 4 3 2 8 9 9 2 3 4 2 3 3 2 10 11 
1 34 2 3 1 5 6 8 9 3 2 9 3 2 9 12 2 4 3 3 4 2 2 2 4 3 9 2 3 2 3 2 3 3 2 10 
1 9 1 5 6 7 2 4 3 8 9 
1 20 1 5 2 4 3 6 9 9 3 2 2 3 3 2 3 3 2 3 3 15 
1 6 1 5 6 2 9 10 
1 14 1 5 6 4 2 3 7 8 9 2 3 3 2 10 
1 17 1 5 6 4 2 3 7 8 9 4 9 4 2 3 4 3 10 
1 8 1 5 6 4 2 3 8 7 
1 3 1 5 6 
1 10 1 5 6 3 4 2 7 8 9 10 
1 10 1 4 3 2 5 6 7 8 9 10 
1 16 1 5 6 3 4 2 7 8 9 3 2 4 9 3 2 10 
1 12 1 5 6 2 4 3 7 8 9 2 3 10 
1 8 1 5 6 3 4 2 7 8 
1 10 1 5 6 4 3 2 8 2 3 7 
1 8 1 5 6 7 8 4 2 3 
1 14 1 5 6 7 8 4 2 3 9 2 3 2 3 13 
1 16 1 3 2 4 5 6 7 8 9 3 2 3 2 2 3 10 
1 8 1 5 3 2 6 7 4 8 
1 15 1 5 6 7 8 2 4 3 9 3 4 2 2 3 10 
1 8 1 5 2 3 6 9 10 11 
1 19 1 5 6 2 3 9 2 3 2 3 3 2 3 2 2 3 3 2 15 
1 16 1 5 2 3 4 6 7 8 9 3 2 9 3 2 3 10 
1 11 1 7 5 6 8 4 3 2 9 3 10 
1 9 1 5 2 3 4 6 8 9 7 
1 14 1 5 6 2 3 4 7 8 9 9 2 3 10 11 
1 9 1 5 6 3 2 4 7 8 9 
1 3 1 5 6 
1 10 1 5 6 2 4 3 7 8 9 13 
1 17 1 5 6 2 3 4 7 8 9 3 2 2 3 2 3 10 11 
1 15 1 5 6 4 2 3 7 8 9 3 2 2 3 10 11 
1 5 1 5 6 3 2 
1 14 1 5 6 4 3 2 7 8 9 3 2 3 2 10 
1 8 1 5 2 4 3 6 7 8 
1 21 1 5 6 7 8 2 4 3 9 2 3 3 2 3 2 3 2 3 2 10 11 
1 12 1 5 6 4 2 3 7 8 9 2 3 10 
1 7 1 5 6 3 2 4 8 
1 21 1 7 5 2 3 4 6 8 9 4 2 9 9 2 3 3 2 2 3 2 10 
1 15 1 3 4 2 5 6 7 8 9 9 2 3 3 2 10 
1 13 1 5 4 2 3 6 7 8 9 2 3 9 10 
1 23 1 5 6 4 2 3 7 8 9 2 3 9 2 3 2 3 2 3 2 3 2 3 10 
1 20 1 5 2 4 3 6 7 8 9 3 2 2 3 2 3 9 3 2 10 11 
1 11 6 7 8 1 5 4 3 2 4 3 2 
1 6 1 5 6 2 3 5 
1 13 2 1 5 6 7 3 2 4 8 9 3 2 10 
1 16 1 5 6 4 2 3 7 8 9 9 2 3 3 2 10 11 
1 13 1 5 6 4 2 3 7 8 9 9 3 10 11 
1 15 2 3 1 5 6 7 4 8 9 9 3 2 3 3 10 
1 30 1 5 6 4 3 2 7 8 9 4 2 3 2 3 3 2 3 2 3 2 3 3 2 2 3 2 3 9 9 13 
1 18 1 5 6 4 3 2 7 8 9 9 4 3 2 2 3 2 3 10 
1 16 1 5 6 3 2 4 7 8 9 3 2 3 2 3 2 10 
1 12 1 5 6 3 2 4 7 8 9 3 3 10 
1 14 1 5 6 4 3 2 8 7 9 9 2 3 10 11 
1 15 1 5 6 3 4 2 7 8 9 2 3 9 3 2 10 
1 19 1 5 6 7 8 2 3 4 9 4 2 3 9 9 2 3 2 3 10 
1 22 1 5 6 3 2 4 7 8 9 4 3 2 2 3 2 2 2 2 2 9 10 11 
1 14 2 1 5 6 7 2 3 4 8 9 2 3 10 11 
1 14 5 1 6 3 2 4 7 8 9 2 3 9 10 11 
1 18 1 5 6 7 2 3 4 8 12 3 4 2 12 9 3 2 10 11 
1 16 1 5 6 3 4 2 7 8 9 3 2 2 3 2 3 10 
1 10 1 5 6 2 3 9 3 2 3 10 
1 13 1 5 6 7 2 4 3 8 9 9 3 2 10 
1 6 1 5 6 2 3 4 
1 17 1 5 3 2 4 6 7 8 9 3 2 2 3 3 2 10 11 
1 14 1 5 6 4 3 2 8 9 3 2 9 2 3 10 
1 13 2 3 1 5 2 3 4 6 7 8 9 3 10 
1 24 1 5 6 2 4 3 8 7 9 9 2 3 3 2 3 9 9 3 9 2 3 3 2 10 
1 17 1 5 6 4 3 2 8 9 3 2 9 3 2 2 3 10 11 
1 15 6 1 5 3 2 4 8 7 9 2 3 9 2 3 13 
1 10 1 5 6 7 4 2 3 8 9 10 
1 8 1 5 6 2 4 3 7 8 
1 17 1 7 5 6 4 2 3 8 12 4 2 4 3 9 3 2 10 
1 30 5 2 3 4 2 1 12 4 2 3 3 4 2 3 2 4 2 4 3 2 3 4 4 3 2 9 2 3 10 11 
1 13 2 1 5 6 3 4 2 7 8 9 3 2 10 
1 12 1 5 6 2 3 4 7 8 9 2 3 10 
1 12 1 5 6 4 3 2 8 9 3 3 2 10 
1 14 1 5 6 3 4 2 8 7 9 3 2 3 10 11 
1 5 1 5 6 2 3 
1 29 1 5 6 7 3 2 4 8 9 3 2 2 3 9 9 9 3 2 9 2 2 3 3 2 2 3 2 3 13 
1 5 1 5 6 3 2 
1 20 1 5 6 2 4 3 7 8 9 2 3 4 3 2 9 3 2 2 3 10 
1 15 1 5 6 7 8 2 3 4 9 3 2 2 3 10 11 
1 8 1 5 6 3 4 2 7 8 
1 5 1 5 6 3 2 
1 8 1 5 6 2 4 3 8 7 
1 12 3 2 1 5 6 4 3 2 7 8 9 13 
1 84 1 5 6 7 8 3 2 4 9 12 4 2 3 4 2 3 4 4 2 3 4 2 3 4 2 3 4 2 3 2 3 4 4 2 3 2 3 4 2 3 4 4 2 3 3 4 2 2 3 4 3 2 4 3 4 2 2 3 4 2 3 4 4 2 3 3 4 2 2 3 4 2 3 4 3 4 2 2 4 3 4 9 9 10 
1 10 1 5 6 4 2 3 7 8 9 10 
1 22 1 5 3 2 4 6 9 2 3 2 3 3 2 3 2 2 3 3 2 2 3 13 
1 6 1 5 6 2 3 4 
1 33 1 5 6 2 3 4 7 8 9 9 3 2 12 3 4 2 2 4 3 9 3 2 9 3 2 2 3 3 2 3 2 3 16 
1 14 1 5 6 2 4 3 7 8 9 2 9 3 2 10 
1 12 1 5 6 2 3 8 7 9 2 2 2 13 
1 17 1 5 4 2 3 6 7 8 9 9 3 2 2 3 3 10 11 
1 13 1 5 4 3 2 6 7 8 9 9 2 3 10 
1 15 1 5 6 3 2 4 8 9 7 3 2 3 2 10 11 
1 18 1 5 7 6 4 3 2 8 9 9 2 3 2 3 2 3 10 11 
1 18 1 5 3 4 2 6 7 8 9 3 2 3 2 2 2 3 10 11 
1 5 1 5 6 3 2 
1 3 1 5 6 
1 6 1 5 6 3 4 2 
1 8 1 5 6 4 2 3 7 8 
1 16 1 5 6 2 3 9 3 3 2 3 2 2 3 2 3 10 
1 8 1 5 6 3 4 2 7 8 
1 12 1 4 2 3 5 6 9 2 3 3 2 10 
1 23 3 1 5 6 7 4 2 3 8 9 12 2 4 3 4 3 2 9 2 3 2 3 10 
1 14 1 5 6 7 8 4 2 3 9 3 2 9 10 11 
1 3 1 5 6 
1 9 1 2 3 4 5 6 7 8 9 
1 17 1 5 4 2 3 6 8 7 9 9 3 2 2 3 3 2 10 
1 3 1 5 6 
1 13 1 5 6 3 4 2 8 9 7 2 3 10 11 
1 21 1 5 6 2 3 4 7 8 9 4 9 9 9 3 2 3 2 3 2 9 10 
1 8 1 5 6 2 3 4 7 8 
1 15 1 5 6 2 3 4 7 8 9 2 3 9 3 2 10 
1 24 1 5 6 4 3 2 8 9 2 3 9 2 3 2 3 2 3 3 2 3 2 2 3 10 
1 40 1 5 6 2 3 4 4 7 8 3 2 4 12 4 2 3 4 4 4 2 3 9 2 3 4 3 2 2 3 4 9 2 3 2 3 2 3 3 2 13 
1 32 1 5 6 3 2 7 8 12 4 4 2 4 3 4 4 4 2 3 4 2 3 9 2 3 3 2 3 2 3 2 3 10 
1 6 1 5 6 2 3 4 
1 18 1 5 6 3 4 2 7 8 9 9 2 3 2 3 2 2 10 11 
1 5 1 5 6 2 3 
1 22 1 5 3 4 2 7 9 6 8 12 3 4 2 2 3 4 9 2 3 3 2 10 
1 7 1 5 6 3 2 9 10 
1 10 1 5 6 2 3 4 7 8 3 2 
1 17 1 7 5 6 4 2 3 8 9 3 3 2 9 9 2 3 10 
1 21 6 8 7 1 5 3 2 4 9 9 3 2 9 2 3 2 9 2 2 10 11 
1 14 1 5 6 2 3 4 8 9 3 2 2 3 10 11 
1 61 1 5 6 2 3 4 7 8 9 12 2 3 4 4 2 3 2 3 4 3 4 2 3 4 2 2 3 4 3 4 2 4 3 2 3 4 2 4 2 3 4 2 3 3 2 4 4 3 2 2 3 4 9 3 2 9 9 2 9 10 11 
1 10 1 5 6 2 3 4 7 8 2 3 
1 15 1 5 3 2 4 6 8 9 9 2 3 2 3 15 11 
1 10 1 5 6 4 3 2 8 9 2 10 
1 14 1 5 6 2 3 7 8 9 2 3 9 3 3 10 
1 8 1 2 4 3 5 6 8 7 
1 8 1 5 6 3 2 7 8 4 
1 12 1 5 6 3 4 2 7 8 9 2 3 13 
1 6 1 5 6 2 2 3 
1 24 1 5 6 3 2 4 7 8 9 3 2 4 2 3 2 3 2 3 3 2 3 2 14 11 
1 16 7 1 5 6 4 2 3 8 9 2 3 4 3 4 2 13 
1 15 1 7 5 2 3 4 6 8 9 9 2 3 3 10 11 
1 14 1 5 6 4 2 3 7 8 9 3 2 2 3 10 
1 11 1 5 6 7 2 3 4 8 9 10 11 
1 12 1 5 6 2 3 4 7 8 9 3 2 10 
1 8 1 7 5 6 4 3 2 8 
1 16 1 5 2 3 4 6 7 8 9 2 3 2 3 2 3 10 
1 15 1 5 6 3 4 2 9 2 3 2 9 4 3 2 13 
1 17 1 5 6 2 3 4 8 9 2 3 4 9 7 3 2 10 11 
1 16 1 5 6 7 4 3 2 8 9 2 3 2 3 2 3 10 
1 21 1 5 6 4 2 3 8 12 3 2 4 2 3 4 9 9 2 3 3 2 10 
1 9 1 5 6 4 3 2 9 10 11 
1 23 1 5 6 2 3 9 2 9 2 2 2 2 2 2 2 2 3 2 2 2 2 2 16 
1 5 1 5 6 9 10 
1 8 1 5 6 4 2 3 7 8 
1 14 1 5 6 4 2 3 9 3 2 3 2 2 3 10 
1 3 1 5 6 
1 37 1 5 6 2 3 4 8 9 3 2 12 2 3 4 2 3 4 4 3 2 2 3 4 3 4 2 4 3 2 4 2 3 2 4 3 9 10 
1 8 1 5 6 2 3 4 7 8 
1 14 1 5 6 2 4 3 7 8 9 3 2 3 2 14 
1 17 1 5 6 3 2 4 7 8 12 3 2 4 9 9 2 3 15 
1 11 1 5 6 3 2 9 3 2 2 3 16 
1 18 1 5 6 4 2 3 7 8 9 2 3 2 3 2 3 2 3 10 
1 5 1 5 6 3 2 
1 20 1 5 6 7 8 3 2 4 12 3 4 2 4 3 2 9 3 2 10 11 
1 12 1 7 5 6 4 2 3 8 9 3 2 10 
1 13 1 6 7 8 5 2 4 3 9 9 2 3 10 
1 12 1 5 6 2 3 4 7 8 9 2 3 10 
1 15 1 5 6 3 4 2 7 8 9 9 3 2 3 3 10 
1 17 1 5 6 7 4 2 3 8 9 2 3 2 2 3 3 2 10 
1 14 1 5 6 3 4 2 7 8 9 9 2 3 3 10 
1 21 1 5 6 2 4 3 7 8 9 3 2 4 4 3 9 3 4 2 3 9 10 
1 14 1 5 4 2 3 6 7 8 9 2 3 9 3 10 
1 12 1 5 6 4 3 2 7 8 9 3 3 10 
1 10 1 5 6 2 3 9 2 3 10 11 
1 11 1 5 6 2 4 3 7 8 9 10 11 
1 15 1 5 6 3 4 2 7 8 9 3 2 2 3 14 11 
1 12 1 5 6 7 2 3 4 8 9 3 3 10 
1 8 1 5 2 3 4 6 7 8 
1 15 1 5 6 7 3 2 4 8 9 9 2 3 3 2 10 
1 19 1 5 6 7 3 2 4 8 9 2 3 9 2 3 3 2 3 2 14 
1 11 1 5 6 7 8 2 3 4 9 3 10 
1 5 1 5 6 2 3 
1 13 1 5 6 3 4 2 9 3 2 4 2 3 10 
1 11 1 5 6 7 8 3 2 4 12 4 13 
1 33 1 5 6 7 8 4 2 3 12 2 3 4 3 4 2 4 3 2 4 9 3 2 2 3 3 2 3 2 3 2 2 3 10 
1 13 1 5 6 3 2 4 8 9 2 3 2 3 10 
1 14 1 5 6 2 4 3 7 8 9 4 9 2 3 10 
1 12 1 5 6 2 4 3 7 8 9 3 2 10 
1 15 1 5 6 7 2 4 3 8 9 3 2 3 2 10 11 
1 5 1 5 2 3 6 
1 12 1 5 6 3 4 2 9 9 3 3 3 10 
1 27 1 5 6 2 4 3 9 9 12 4 2 3 2 4 7 8 2 3 4 4 2 3 9 2 2 10 11 
1 14 1 5 6 3 2 4 7 8 9 2 3 2 3 10 
1 11 1 5 4 2 3 6 7 8 9 3 10 
1 8 1 5 6 3 4 2 7 8 
1 19 1 5 6 7 2 4 3 8 9 3 2 4 4 3 2 2 3 4 16 
1 8 1 5 6 3 2 4 7 8 
1 13 1 5 6 4 2 3 7 8 9 2 3 10 11 
1 19 1 5 2 4 3 12 6 7 8 2 4 3 3 4 2 9 2 3 10 
1 15 1 5 6 4 3 2 7 8 9 2 3 2 3 10 11 
1 14 1 5 6 3 4 2 7 8 9 3 2 2 10 11 
1 8 1 5 6 7 3 2 4 8 
1 5 1 5 6 3 2 
1 18 1 5 6 3 2 4 7 8 9 3 2 3 2 3 3 2 15 11 
1 11 1 7 5 6 3 2 8 9 2 3 10 
1 8 1 5 6 7 2 3 4 8 
1 5 1 5 6 2 3 
1 17 7 1 5 6 8 2 3 4 9 9 3 2 3 2 3 10 11 
1 5 1 5 6 2 3 
1 10 1 5 6 2 3 4 9 2 3 4 
1 15 1 5 6 3 2 4 7 8 9 2 3 9 3 2 10 
1 15 1 5 6 3 2 4 7 8 9 4 9 2 3 10 11 
1 17 1 7 5 6 2 3 4 8 12 2 3 4 9 2 9 10 11 
1 21 1 5 6 3 4 2 7 8 9 2 3 2 3 3 2 3 2 3 2 10 11 
1 5 1 5 6 2 3 
1 15 1 5 6 4 3 2 7 8 9 3 2 3 2 10 11 
1 20 1 5 6 7 8 3 4 2 12 2 3 4 4 3 2 9 3 3 2 10 
1 35 1 5 6 4 2 3 7 8 9 9 3 2 3 12 4 3 2 4 9 9 3 2 3 2 3 2 3 2 3 2 3 2 3 10 11 
1 11 1 5 6 3 2 4 8 7 9 2 3 
1 9 1 5 6 7 3 2 4 8 4 
1 24 1 5 6 4 2 3 8 9 3 2 3 2 3 2 3 2 3 3 2 10 11 3 2 4 
1 12 1 5 6 2 3 4 7 8 9 9 2 10 
1 3 1 5 6 
1 17 1 5 6 7 8 3 2 4 9 3 2 3 2 2 3 3 10 
1 12 1 5 6 2 3 4 7 8 9 3 10 11 
1 18 1 5 6 3 4 2 8 9 2 3 9 7 3 2 2 3 10 11 
1 9 1 5 6 2 3 9 9 10 11 
1 12 1 5 6 7 8 4 2 3 9 3 10 11 
1 13 1 5 6 2 3 4 7 8 9 9 2 10 11 
1 8 1 5 2 3 4 6 7 8 
1 3 1 5 6 
1 15 1 5 6 8 3 4 2 7 9 3 2 9 3 2 10 
1 12 7 1 5 2 3 4 6 8 12 4 3 2 
1 15 1 5 6 7 4 2 3 8 12 4 3 2 9 9 10 
1 23 1 5 6 7 8 3 2 4 9 2 3 2 3 2 3 9 2 3 3 2 2 3 15 
1 16 1 5 6 2 3 4 7 8 9 9 3 2 4 2 3 10 
1 9 1 5 6 2 3 9 2 10 11 
1 8 1 5 6 7 3 2 4 8 
1 14 1 5 6 3 2 4 7 8 9 2 3 2 3 10 
1 10 1 5 6 7 8 2 3 4 9 10 
1 30 2 3 1 5 6 3 4 2 7 8 9 2 3 9 3 2 2 2 3 2 3 3 2 3 2 2 3 2 3 10 
1 13 1 5 6 7 2 3 4 8 9 2 3 10 11 
1 31 7 1 5 6 4 2 3 8 12 2 3 4 3 4 2 9 2 3 2 3 2 3 2 3 3 2 2 3 2 3 10 
1 6 1 5 6 4 2 3 
1 13 1 5 6 7 8 2 4 3 9 2 3 10 11 
1 18 1 5 6 7 4 2 3 8 12 3 2 4 4 2 9 3 10 11 
1 9 1 5 6 4 3 2 7 8 9 
1 8 3 2 4 1 5 6 8 7 
1 14 1 5 3 2 4 6 7 8 9 3 2 3 3 10 
1 14 1 5 6 7 4 3 2 8 9 2 3 9 3 10 
1 13 1 5 6 3 2 4 8 7 9 2 3 10 11 
1 10 1 5 2 3 4 6 7 8 9 10 
1 14 1 5 6 2 3 4 8 9 7 2 3 3 2 10 
1 19 1 5 6 7 3 2 4 8 9 2 3 3 2 2 3 10 11 3 2 
1 13 1 7 5 6 8 4 2 3 9 3 2 10 11 
1 9 1 5 6 7 2 4 3 8 9 
1 8 1 5 6 2 4 3 7 8 
1 30 1 5 6 7 3 4 2 8 9 3 2 3 3 12 2 3 4 2 4 2 3 2 4 2 2 2 2 2 2 13 
1 21 1 5 6 4 3 2 7 8 9 3 2 9 2 3 2 3 2 3 3 2 10 
1 51 1 5 6 2 4 3 8 12 3 4 2 2 2 2 2 3 4 2 3 4 4 3 2 9 2 3 2 3 2 3 3 2 2 3 2 3 3 2 2 3 2 3 2 3 2 3 2 3 2 3 10 
1 20 1 5 3 4 2 6 7 8 9 9 2 3 3 2 3 2 2 3 15 11 
1 10 1 5 6 4 2 3 7 8 9 10 
1 7 1 2 3 5 6 7 8 
1 6 1 5 6 2 3 4 
1 10 1 5 6 8 3 2 4 9 10 11 
1 13 1 5 3 2 4 9 6 7 8 9 2 3 10 
1 3 1 5 6 
1 8 1 5 6 4 3 2 7 8 
1 7 1 5 6 3 2 7 8 
1 12 1 5 6 2 3 4 7 8 9 3 2 10 
1 10 1 5 6 4 2 3 7 8 9 10 
1 18 1 5 6 7 8 3 2 4 12 4 3 2 3 2 4 9 10 11 
1 13 1 5 6 2 3 8 9 3 3 3 3 10 11 
1 21 2 3 1 5 6 7 8 3 2 4 9 2 4 9 2 3 12 4 2 3 13 
1 18 1 5 6 4 3 2 8 9 3 2 9 3 2 2 3 2 3 10 
1 10 1 5 6 2 3 9 9 2 3 10 
1 6 1 5 6 2 3 4 
1 3 1 5 6 
1 10 1 5 6 4 2 3 7 8 9 10 
1 8 1 5 6 7 4 2 3 8 
1 8 1 5 6 2 3 4 7 8 
1 8 1 5 6 2 3 9 10 11 
1 15 1 5 6 7 2 3 4 8 9 9 3 2 3 10 11 
1 10 1 5 6 3 4 2 7 8 9 10 
1 13 1 5 2 3 4 6 7 8 9 2 3 10 11 
1 8 1 5 6 3 2 4 7 8 
1 7 1 4 2 3 5 6 8 
1 20 1 5 6 7 8 2 4 3 12 4 3 4 2 4 3 2 9 2 3 10 
1 8 1 5 6 3 2 4 9 13 
1 10 1 7 5 6 8 4 2 3 9 13 
1 16 1 5 6 7 3 4 2 8 9 5 2 3 3 2 10 11 
1 6 1 5 2 4 3 6 
1 8 1 5 4 2 3 6 7 8 
1 16 1 5 6 2 3 4 8 7 9 9 2 3 2 3 2 10 
1 13 1 5 6 7 8 2 4 3 9 2 3 10 11 
1 19 1 5 6 2 3 9 12 2 3 4 3 4 2 2 3 4 9 10 11 
1 12 1 5 6 7 8 2 4 3 9 2 3 10 
1 13 1 5 6 2 3 4 7 8 9 2 3 10 11 
1 15 1 5 6 4 2 3 7 8 9 2 3 9 3 2 10 
1 12 1 3 4 2 5 6 7 8 9 2 3 10 
1 10 1 5 6 2 3 7 8 9 9 13 
1 18 1 5 6 7 8 3 4 2 9 2 3 2 2 3 3 2 9 14 
1 13 1 5 6 7 2 3 4 8 9 9 3 2 10 
1 11 1 5 6 3 2 4 8 9 3 2 7 
1 8 1 5 6 4 2 3 7 8 
1 16 1 5 2 3 4 6 7 8 9 2 3 4 2 3 3 10 
1 16 1 5 6 7 2 3 4 8 9 9 3 2 2 3 10 11 
1 8 1 5 6 2 3 4 9 10 
1 6 1 5 6 2 3 9 
1 9 5 1 2 3 4 6 9 7 8 
1 12 1 5 6 7 8 3 4 2 9 2 3 13 
1 185 1 5 6 7 3 2 4 8 9 2 9 3 4 2 4 3 2 4 12 3 4 2 3 2 4 4 2 3 3 4 2 3 2 4 2 3 4 4 3 2 4 2 3 4 2 4 3 2 4 3 2 4 4 2 3 2 4 3 3 4 2 3 2 4 3 2 4 2 4 3 3 2 4 3 2 4 4 2 3 2 3 4 2 4 3 3 4 2 2 3 4 2 3 4 2 4 3 9 2 3 2 3 3 2 2 3 2 3 3 2 2 3 3 2 2 3 3 2 3 2 2 3 2 3 2 2 3 9 3 2 2 3 2 3 2 3 3 2 3 2 3 2 2 3 3 2 2 3 3 2 2 3 2 3 3 2 2 2 3 2 3 2 3 3 2 3 2 2 3 2 3 3 2 2 3 2 3 3 2 2 3 2 3 2 14 
1 13 1 5 6 7 4 2 3 8 9 9 3 2 10 
1 23 1 5 6 7 8 4 2 3 9 9 12 2 3 4 4 4 2 3 9 2 3 10 11 
1 7 1 5 6 3 4 2 8 
1 14 1 5 6 7 3 2 4 8 9 2 3 2 3 10 
1 16 1 5 3 4 2 6 7 8 12 2 3 4 3 2 4 13 
1 15 1 5 6 7 8 4 2 3 9 9 2 3 2 3 10 
1 15 1 5 6 4 3 2 8 9 2 3 9 3 2 3 10 
1 8 1 5 4 2 3 6 7 8 
1 36 1 5 6 2 3 4 7 8 9 3 12 3 2 4 4 2 3 2 4 3 3 2 4 4 3 2 9 2 3 9 2 3 3 2 15 11 
1 15 1 3 2 4 5 6 7 8 9 3 2 2 3 10 11 
1 14 1 5 6 2 3 4 7 8 9 2 3 9 10 11 
1 29 1 5 6 2 3 4 7 8 9 3 2 2 3 2 3 2 3 2 3 2 3 2 3 3 2 2 3 10 11 
1 12 1 5 6 7 4 2 3 8 9 2 3 10 
1 15 1 5 6 7 4 2 3 8 3 2 9 9 3 2 10 
1 13 1 5 6 3 4 2 8 7 9 2 3 10 11 
1 8 1 5 6 3 2 9 3 15 
1 30 1 5 6 3 4 2 7 8 12 3 2 4 4 2 3 4 2 3 2 3 4 2 3 4 9 3 2 3 2 10 
1 13 1 5 6 3 4 2 8 9 2 3 3 10 11 
1 14 1 5 6 2 3 4 2 3 4 7 8 9 3 10 
1 16 1 5 6 4 3 2 7 8 12 4 2 3 9 2 3 10 
1 16 1 5 6 2 4 3 7 8 9 3 2 2 3 2 3 10 
1 7 1 5 6 2 9 2 10 
1 10 1 7 5 6 8 3 2 4 9 10 
1 13 1 5 6 7 8 3 2 4 9 3 2 9 10 
1 13 1 5 6 2 3 4 7 8 9 3 3 10 11 
1 11 1 5 6 3 2 4 7 8 9 9 10 
1 13 1 5 3 2 4 6 7 8 9 2 3 3 10 
1 8 1 5 6 3 2 4 7 8 
1 14 1 5 6 7 4 2 3 8 9 3 2 2 3 10 
1 9 1 5 6 2 3 9 3 2 10 
1 17 1 5 6 7 8 2 4 3 12 2 4 3 9 3 2 2 10 
1 12 1 3 2 4 5 6 7 8 9 3 2 10 
1 5 1 5 6 2 3 
1 5 1 5 6 2 3 
1 12 1 5 6 8 7 2 3 4 9 2 3 10 
1 12 1 5 2 3 4 6 7 8 12 2 3 4 
1 16 1 5 4 3 2 6 7 8 9 2 3 3 2 2 3 10 
1 26 1 5 6 7 8 12 3 2 4 3 2 4 3 4 2 2 3 4 2 3 4 9 2 3 10 11 
1 17 1 5 3 2 4 6 7 8 9 2 9 2 2 2 2 10 11 
1 36 7 1 5 6 4 2 3 8 12 4 3 2 2 3 4 2 4 3 3 2 4 3 4 2 4 2 3 3 2 4 9 3 2 2 10 11 
1 5 1 5 6 2 3 
1 5 1 5 6 3 2 
1 12 1 5 6 2 3 4 7 8 9 3 10 11 
1 13 1 5 6 2 4 3 9 4 2 3 9 9 14 
1 7 1 5 6 2 4 3 8 
1 16 1 5 6 3 2 4 8 7 9 2 3 9 3 2 10 11 
1 13 1 5 6 2 4 3 7 8 9 2 3 3 10 
1 9 3 2 1 5 6 2 3 7 8 
1 13 1 5 6 7 2 3 4 8 9 2 3 3 10 
1 31 1 5 6 3 4 2 7 8 12 4 2 3 4 2 3 4 9 2 3 2 3 3 2 2 3 2 3 2 3 10 11 
1 13 1 5 6 2 4 3 8 7 9 3 2 10 11 
1 13 1 5 6 4 3 2 7 8 9 2 3 10 11 
1 15 1 5 6 2 4 3 8 7 9 9 2 3 3 2 10 
1 45 1 5 6 2 3 4 7 8 9 2 3 9 2 3 3 3 2 2 3 2 12 2 3 4 2 2 2 4 2 3 2 2 2 2 3 4 2 2 3 4 9 2 3 10 11 
1 16 1 5 6 8 7 2 3 4 9 3 2 9 3 2 10 11 
1 13 1 5 6 2 4 3 7 8 9 9 3 2 10 
1 8 1 2 3 4 7 5 6 8 
1 15 1 5 6 2 3 9 9 2 3 3 2 2 2 3 10 
1 13 1 3 2 4 5 6 7 8 9 3 2 3 10 
1 36 1 5 6 2 3 4 8 7 12 3 2 4 2 4 4 3 2 2 3 4 2 4 3 4 2 3 9 2 3 2 2 3 2 3 2 10 
1 5 1 5 2 3 6 
1 5 1 5 6 3 2 
1 52 1 5 6 3 2 4 8 7 9 4 3 2 12 2 3 4 9 3 2 2 3 2 3 2 3 2 3 2 3 2 3 2 3 2 3 3 2 2 3 3 2 2 3 3 2 3 2 9 2 3 10 11 
1 8 1 5 6 3 2 4 7 8 
1 5 1 3 2 5 6 
1 17 1 5 6 2 3 4 8 9 7 2 3 3 2 9 9 10 11 
1 8 1 5 6 2 3 9 3 10 
1 9 1 5 6 3 2 4 9 10 11 
1 9 1 3 2 4 5 6 8 9 10 
1 16 1 5 6 2 3 4 7 8 9 2 3 3 2 2 3 10 
1 19 1 5 4 2 3 6 7 8 9 4 3 2 9 2 3 3 2 10 11 
1 13 1 5 6 3 4 2 7 8 9 9 3 2 10 
1 11 1 5 6 4 2 3 8 7 9 2 3 
1 9 1 5 6 2 3 4 9 3 10 
1 5 2 3 1 5 6 
1 8 1 5 6 4 3 2 7 8 
1 8 1 5 6 2 3 8 2 3 
1 16 1 5 6 2 4 3 7 8 9 9 3 2 9 3 2 10 
1 3 1 5 6 
1 8 1 5 6 7 8 4 3 2 
1 9 1 4 2 3 5 6 7 8 2 
1 8 1 5 6 2 4 3 7 8 
1 12 1 5 6 8 3 4 2 9 2 3 10 11 
1 27 1 5 6 7 2 3 4 8 9 3 2 2 3 3 2 2 2 2 2 3 2 3 2 3 2 2 10 
1 8 1 5 6 7 8 2 4 3 
1 3 1 5 6 
1 18 7 1 5 6 3 4 2 8 9 3 3 2 3 2 3 2 3 14 
1 20 1 5 6 4 2 3 7 8 9 3 2 2 3 2 3 3 2 2 3 10 
1 12 1 4 2 3 7 5 6 8 9 3 2 10 
1 23 1 5 6 2 3 4 7 8 9 2 2 3 3 2 3 2 2 3 2 3 2 3 10 
1 3 1 5 6 
1 19 1 5 6 2 3 4 4 7 8 9 2 3 9 3 2 3 2 10 11 
1 17 1 5 6 7 4 2 3 8 9 3 4 2 2 2 3 4 10 
1 14 1 5 2 4 3 6 7 8 9 9 2 3 10 11 
1 14 1 5 6 7 3 2 4 8 9 3 2 3 2 10 
1 11 1 5 6 2 3 4 9 2 3 9 10 
1 6 1 5 6 3 4 2 
1 19 1 5 6 3 4 2 7 8 9 2 9 3 3 2 2 2 2 3 15 
1 8 1 5 7 2 3 4 6 8 
1 13 1 5 6 7 4 3 2 8 9 2 3 3 13 
1 14 1 5 6 4 3 2 7 8 12 2 4 3 9 10 
1 24 1 5 6 2 3 4 7 8 9 2 3 2 3 3 2 2 3 2 3 2 3 10 2 11 
1 52 1 5 6 3 2 7 8 9 2 3 12 3 4 2 3 4 2 2 3 4 2 4 3 4 3 2 3 2 4 4 2 3 4 3 2 2 3 4 2 3 4 3 2 4 4 2 3 2 4 3 9 10 
1 10 1 5 7 3 2 4 6 8 9 10 
1 12 1 5 6 2 3 4 7 8 9 2 3 10 
1 15 1 5 2 4 3 6 8 9 9 2 3 3 2 10 11 
1 14 1 5 6 2 3 4 7 8 2 9 3 2 10 11 
1 10 1 5 6 4 2 3 9 3 2 10 
1 3 1 5 6 
1 13 1 5 6 4 3 2 8 9 4 7 2 3 10 
1 17 1 5 6 3 4 2 7 8 9 9 3 3 2 2 3 9 10 
1 14 1 5 6 2 3 4 7 8 9 2 9 3 2 15 
1 18 1 5 6 7 2 3 4 8 9 12 4 2 3 4 3 2 9 13 
1 13 1 5 6 7 3 2 4 8 9 2 3 10 11 
1 43 1 5 6 4 2 3 7 8 12 2 4 3 9 2 3 2 3 2 3 2 3 2 2 2 2 2 2 2 2 2 3 2 2 2 2 2 2 2 3 2 2 3 10 
1 16 1 7 5 6 8 2 4 3 9 2 4 3 2 3 10 11 
1 11 1 5 6 7 8 3 4 2 9 2 10 
1 20 1 5 6 4 2 3 7 8 9 2 2 3 2 3 2 3 2 3 10 11 
1 8 1 5 2 3 4 6 7 8 
1 8 1 5 4 2 3 6 7 8 
1 20 1 5 4 2 3 6 7 8 9 9 2 3 9 2 2 3 2 2 3 10 
1 5 1 5 2 3 6 
1 14 1 5 6 8 3 2 4 9 9 3 2 3 2 10 
1 16 1 5 6 4 2 3 7 8 12 2 4 3 9 2 3 10 
1 12 1 5 6 2 4 3 7 8 9 9 10 11 
1 25 1 5 2 3 4 6 7 8 9 2 2 3 2 3 2 3 3 2 3 3 2 2 2 3 10 
1 14 1 5 6 4 2 3 7 8 9 2 2 2 3 10 
1 5 1 5 6 3 2 
1 5 1 5 6 2 3 
1 5 1 5 6 3 2 
1 12 1 5 6 2 3 4 7 8 9 3 10 11 
1 25 1 5 6 4 2 3 7 8 9 9 3 2 2 3 2 3 2 3 3 2 3 3 2 10 11 
1 7 5 1 2 3 4 6 8 
1 22 1 5 6 3 2 4 8 9 2 3 2 3 3 2 2 3 2 3 3 3 14 11 
1 24 1 5 6 7 4 2 3 8 9 2 3 2 3 3 2 3 2 2 3 2 3 3 2 10 
1 8 1 5 6 2 3 4 7 8 
1 15 1 7 5 2 3 4 6 8 9 3 2 2 3 9 10 
1 8 1 5 6 7 8 2 3 4 
1 14 1 5 6 3 2 9 3 2 9 2 3 3 10 11 
1 8 1 5 6 2 4 3 7 8 
1 61 1 5 6 3 2 12 3 2 4 2 4 3 4 3 2 2 3 4 3 2 4 2 3 4 2 3 4 2 3 4 4 3 2 9 2 3 4 2 2 3 4 3 2 3 9 3 2 3 2 3 2 2 3 2 3 3 2 2 3 10 11 
1 11 1 5 6 4 3 2 7 8 9 10 11 
1 9 1 5 6 2 3 9 2 3 10 
1 12 1 5 6 2 4 3 7 8 9 3 10 11 
1 8 1 5 6 3 2 4 8 9 
1 3 1 5 6 
1 17 1 5 6 4 3 2 8 7 9 3 2 2 3 2 3 10 11 
1 13 1 3 4 2 5 6 7 8 9 9 9 10 11 
1 13 1 5 6 2 3 9 9 3 2 3 2 3 10 
1 3 1 5 6 
1 5 1 5 3 2 6 
1 17 6 1 5 7 8 3 2 4 9 3 2 9 2 3 2 3 10 
1 20 1 5 6 7 3 2 4 8 9 2 3 3 2 2 3 3 2 2 3 15 
1 6 1 5 6 2 9 10 
1 8 1 5 3 2 4 6 7 8 
1 21 1 5 6 7 8 2 4 3 9 2 3 2 3 9 2 3 2 3 9 9 10 
1 26 6 1 5 7 8 3 4 2 12 4 2 3 4 2 3 4 2 3 4 9 3 2 3 2 10 11 
1 14 1 5 6 2 3 4 7 8 9 3 2 2 3 10 
1 18 1 2 3 4 5 6 7 8 9 3 2 3 9 2 3 3 2 10 
1 16 1 5 6 3 2 7 8 12 9 2 3 2 3 2 3 10 
1 10 1 5 6 7 3 2 4 8 9 10 
1 14 3 2 1 5 6 4 2 3 7 8 9 3 2 10 
1 3 1 5 6 
1 5 1 5 6 2 3 
1 3 1 5 6 
1 10 1 5 6 2 3 9 2 3 10 11 
1 66 7 1 5 6 2 4 3 8 4 12 4 3 4 2 4 2 3 2 4 4 3 2 2 4 3 2 3 4 2 3 4 2 3 4 9 2 3 2 3 3 2 3 2 2 3 2 3 2 3 2 3 3 2 2 3 2 2 3 2 3 12 4 2 3 2 13 
1 9 1 5 6 3 2 9 2 3 10 
1 7 1 5 6 3 2 9 10 
1 17 1 5 6 2 3 9 2 2 3 3 2 2 3 2 3 10 11 
1 8 1 5 6 2 3 4 7 8 
1 5 1 5 6 3 2 
1 9 1 5 6 3 4 2 8 9 7 
1 25 1 5 6 7 3 4 2 8 12 3 2 4 3 4 2 12 2 3 4 2 2 3 4 9 10 
1 30 1 5 6 2 3 4 8 12 3 2 4 4 2 2 3 4 2 3 4 4 2 3 9 3 2 3 3 2 3 10 
1 3 1 5 6 
1 3 1 5 6 
1 15 1 5 6 2 4 3 7 8 9 3 2 4 2 3 10 
1 3 1 5 6 
